eV n k
0.062 0.6617 0.82211
0.0645 1.05383 0.41369
0.067 1.23706 0.34013
0.0695 1.33878 0.29705
0.072 1.4025 0.26309
0.0745 1.45185 0.23383
0.077 1.49378 0.20722
0.0795 1.53636 0.18903
0.082 1.5744 0.17562
0.0845 1.60976 0.16513
0.087 1.64661 0.157
0.0895 1.68958 0.157
0.092 1.73686 0.1704
0.0945 1.78575 0.19962
0.097 1.80585 0.28412
0.0995 1.73968 0.34249
0.102 1.64767 0.30953
0.1045 1.62915 0.188
0.107 1.70504 0.10984
0.1095 1.7976 0.0732
0.112 1.88952 0.05001
0.1145 2.01774 0.0463
0.117 2.17342 0.08755
0.1195 2.34684 0.17274
0.122 2.53529 0.32965
0.1245 2.71739 0.58206
0.127 2.83432 0.94739
0.1295 2.77784 1.49465
0.132 2.46387 2.00419
0.1345 1.82733 2.50667
0.137 0.8138 2.41
0.1395 0.3634 1.69
0.142 0.41243 1.2402
0.1445 0.46131 1.02046
0.147 0.47367 0.86625
0.1495 0.45592 0.73192
0.152 0.41519 0.58769
0.1545 0.4043 0.37031
0.157 0.51564 0.16431
0.1595 0.67687 0.0572
0.162 0.79448 0.03461
0.1645 0.87987 0.02667
0.167 0.93917 0.0164
0.1695 0.98597 0.01264
0.172 1.02574 0.0117
0.1745 1.06416 0.01002
0.177 1.09263 0.00889
0.1795 1.11315 0.00855
0.182 1.13537 0.00837
0.1845 1.14934 0.00795
0.187 1.1633 0.00754
0.1895 1.17727 0.00713
0.192 1.19124 0.00672
0.1945 1.19798 0.00658
0.197 1.20472 0.00644
0.1995 1.21147 0.0063
0.202 1.21821 0.00616
0.2045 1.22491 0.00612
0.207 1.23161 0.00609
0.2095 1.23831 0.00606
0.212 1.245 0.00602
0.2145 1.25176 0.00589
0.217 1.25851 0.00576
0.2195 1.26526 0.00563
0.222 1.27202 0.0055
0.2245 1.27873 0.00528
0.227 1.28544 0.00506
0.2295 1.29215 0.00484
0.232 1.29885 0.00462
0.2345 1.30562 0.0045
0.237 1.31238 0.00438
0.2395 1.31914 0.00427
0.242 1.3259 0.00415
0.2445 1.33086 0.00395
0.247 1.33582 0.00375
0.2495 1.34078 0.00355
0.252 1.34574 0.00334
0.2545 1.34805 0.00297
0.257 1.35037 0.00259
0.2595 1.35268 0.00222
0.262 1.35499 0.00185
0.2645 1.35729 0.00202
0.267 1.35959 0.0022
0.2695 1.36189 0.00238
0.272 1.36419 0.00256
0.2745 1.36601 0.00354
0.277 1.36784 0.00453
0.2795 1.36967 0.00551
0.282 1.3715 0.0065
0.2845 1.37331 0.00541
0.287 1.37513 0.00431
0.2895 1.37695 0.00322
0.292 1.37877 0.00213
0.2945 1.3804 0.00162
0.297 1.38202 0.0011
0.2995 1.38365 5.9175E-4
0.302 1.38528 7.9E-5
0.3045 1.38645 7.22E-5
0.307 1.38762 6.54E-5
0.3095 1.38879 5.86E-5
0.312 1.38996 5.18E-5
0.3145 1.39113 5.125E-5
0.317 1.3923 5.07E-5
0.3195 1.39347 5.015E-5
0.322 1.39463 4.96E-5
0.3245 1.39562 4.21E-5
0.327 1.3966 3.46E-5
0.3295 1.39759 2.71E-5
0.332 1.39857 1.96E-5
0.3345 1.39937 1.47E-5
0.337 1.40018 9.8E-6
0.3395 1.40098 4.9E-6
0.342 1.40179 0
0.3445 1.40268 0
0.347 1.40357 0
0.3495 1.40446 0
0.352 1.40535 0
0.3545 1.40606 0
0.357 1.40677 0
0.3595 1.40748 0
0.362 1.40819 0
0.3645 1.40881 0
0.367 1.40943 0
0.3695 1.41005 0
0.372 1.41067 0
0.3745 1.41129 0
0.377 1.41191 0
0.3795 1.41253 0
0.382 1.41315 0
0.3845 1.41351 0
0.387 1.41386 0
0.3895 1.41421 0
0.392 1.41457 0
0.3945 1.41492 0
0.397 1.41527 0
0.3995 1.41563 0
0.402 1.41598 0
0.4045 1.41633 0
0.407 1.41669 0
0.4095 1.41704 0
0.412 1.41739 0
0.4145 1.41774 0
0.417 1.4181 0
0.4195 1.41845 0
0.422 1.4188 0
0.4245 1.41915 0
0.427 1.41951 0
0.4295 1.41986 0
0.432 1.42021 0
0.4345 1.42056 0
0.437 1.42091 0
0.4395 1.42127 0
0.442 1.42162 0
0.4445 1.42197 0
0.447 1.42232 0
0.4495 1.42267 0
0.452 1.42303 0
0.4545 1.42338 0
0.457 1.42373 0
0.4595 1.42408 0
0.462 1.42443 0
0.4645 1.42478 0
0.467 1.42513 0
0.4695 1.42548 0
0.472 1.42583 0
0.4745 1.42618 0
0.477 1.42653 0
0.4795 1.42688 0
0.482 1.42724 0
0.4845 1.42759 0
0.487 1.42794 0
0.4895 1.42829 0
0.492 1.42864 0
0.4945 1.42899 0
0.497 1.42934 0
0.4995 1.42969 0 
0.50868 1.43095 0.0
0.53317 1.43292 0.0
0.57598 1.43576 0.0
0.60243 1.43722 0.0
0.62934 1.43851 0.0
0.68384 1.44069 0.0
0.700 1.44118 0.00000 
0.710 1.44153 0.00000 
0.720 1.44187 0.00000 
0.730 1.44222 0.00000 
0.740 1.44257 0.00000 
0.750 1.44291 0.00000 
0.760 1.44291 0.00000 
0.770 1.44326 0.00000 
0.780 1.44361 0.00000 
0.790 1.44395 0.00000 
0.800 1.44395 0.00000 
0.810 1.44430 0.00000 
0.820 1.44465 0.00000 
0.830 1.44465 0.00000 
0.840 1.44499 0.00000 
0.850 1.44499 0.00000 
0.860 1.44534 0.00000 
0.870 1.44568 0.00000 
0.880 1.44568 0.00000 
0.890 1.44603 0.00000 
0.900 1.44603 0.00000 
0.910 1.44637 0.00000 
0.920 1.44637 0.00000 
0.930 1.44637 0.00000 
0.940 1.44672 0.00000 
0.950 1.44672 0.00000 
0.960 1.44707 0.00000 
0.970 1.44707 0.00000 
0.980 1.44707 0.00000 
0.990 1.44741 0.00000 
1.000 1.44741 0.00000 
1.010 1.44776 0.00000 
1.020 1.44776 0.00000 
1.030 1.44810 0.00000 
1.040 1.44810 0.00000 
1.050 1.44810 0.00000 
1.060 1.44845 0.00000 
1.070 1.44845 0.00000 
1.080 1.44879 0.00000 
1.090 1.44879 0.00000 
1.100 1.44879 0.00000 
1.110 1.44914 0.00000 
1.120 1.44914 0.00000 
1.130 1.44914 0.00000 
1.140 1.44948 0.00000 
1.150 1.44948 0.00000 
1.160 1.44948 0.00000 
1.170 1.44983 0.00000 
1.180 1.44983 0.00000 
1.190 1.44983 0.00000 
1.200 1.45017 0.00000 
1.210 1.45017 0.00000 
1.220 1.45017 0.00000 
1.230 1.45017 0.00000 
1.240 1.45052 0.00000 
1.250 1.45052 0.00000 
1.260 1.45052 0.00000 
1.270 1.45086 0.00000 
1.280 1.45086 0.00000 
1.290 1.45086 0.00000 
1.300 1.45086 0.00000 
1.310 1.45121 0.00000 
1.320 1.45121 0.00000 
1.330 1.45121 0.00000 
1.340 1.45155 0.00000 
1.350 1.45155 0.00000 
1.360 1.45155 0.00000 
1.370 1.45155 0.00000 
1.380 1.45190 0.00000 
1.390 1.45190 0.00000 
1.400 1.45190 0.00000 
1.410 1.45224 0.00000 
1.420 1.45224 0.00000 
1.430 1.45224 0.00000 
1.440 1.45224 0.00000 
1.450 1.45258 0.00000 
1.460 1.45258 0.00000 
1.470 1.45258 0.00000 
1.480 1.45258 0.00000 
1.490 1.45293 0.00000 
1.500 1.45293 0.00000 
1.510 1.45293 0.00000 
1.520 1.45293 0.00000 
1.530 1.45327 0.00000 
1.540 1.45327 0.00000 
1.550 1.45327 0.00000 
1.560 1.45327 0.00000 
1.570 1.45362 0.00000 
1.580 1.45362 0.00000 
1.590 1.45362 0.00000 
1.600 1.45396 0.00000 
1.610 1.45396 0.00000 
1.620 1.45396 0.00000 
1.630 1.45396 0.00000 
1.640 1.45430 0.00000 
1.650 1.45430 0.00000 
1.660 1.45430 0.00000 
1.670 1.45430 0.00000 
1.680 1.45465 0.00000 
1.690 1.45465 0.00000 
1.700 1.45465 0.00000 
1.710 1.45465 0.00000 
1.720 1.45499 0.00000 
1.730 1.45499 0.00000 
1.740 1.45499 0.00000 
1.750 1.45499 0.00000 
1.760 1.45534 0.00000 
1.770 1.45534 0.00000 
1.780 1.45534 0.00000 
1.790 1.45534 0.00000 
1.800 1.45568 0.00000 
1.810 1.45568 0.00000 
1.820 1.45568 0.00000 
1.830 1.45602 0.00000 
1.840 1.45602 0.00000 
1.850 1.45602 0.00000 
1.860 1.45602 0.00000 
1.870 1.45637 0.00000 
1.880 1.45637 0.00000 
1.890 1.45637 0.00000 
1.900 1.45637 0.00000 
1.910 1.45671 0.00000 
1.920 1.45671 0.00000 
1.930 1.45671 0.00000 
1.940 1.45671 0.00000 
1.950 1.45705 0.00000 
1.960 1.45705 0.00000 
1.970 1.45705 0.00000 
1.980 1.45739 0.00000 
1.990 1.45739 0.00000 
2.000 1.45739 0.00000 
2.010 1.45739 0.00000 
2.020 1.45774 0.00000 
2.030 1.45774 0.00000 
2.040 1.45774 0.00000 
2.050 1.45808 0.00000 
2.060 1.45808 0.00000 
2.070 1.45808 0.00000 
2.080 1.45808 0.00000 
2.090 1.45842 0.00000 
2.100 1.45842 0.00000 
2.110 1.45842 0.00000 
2.120 1.45842 0.00000 
2.130 1.45877 0.00000 
2.140 1.45877 0.00000 
2.150 1.45877 0.00000 
2.160 1.45911 0.00000 
2.170 1.45911 0.00000 
2.180 1.45911 0.00000 
2.190 1.45945 0.00000 
2.200 1.45945 0.00000 
2.210 1.45945 0.00000 
2.220 1.45945 0.00000 
2.230 1.45979 0.00000 
2.240 1.45979 0.00000 
2.250 1.45979 0.00000 
2.260 1.46014 0.00000 
2.270 1.46014 0.00000 
2.280 1.46014 0.00000 
2.290 1.46048 0.00000 
2.300 1.46048 0.00000 
2.310 1.46048 0.00000 
2.320 1.46048 0.00000 
2.330 1.46082 0.00000 
2.340 1.46082 0.00000 
2.350 1.46082 0.00000 
2.360 1.46116 0.00000 
2.370 1.46116 0.00000 
2.380 1.46116 0.00000 
2.390 1.46151 0.00000 
2.400 1.46151 0.00000 
2.410 1.46151 0.00000 
2.420 1.46185 0.00000 
2.430 1.46185 0.00000 
2.440 1.46185 0.00000 
2.450 1.46219 0.00000 
2.460 1.46219 0.00000 
2.470 1.46219 0.00000 
2.480 1.46253 0.00000 
2.490 1.46253 0.00000 
2.500 1.46253 0.00000 
2.510 1.46253 0.00000 
2.520 1.46287 0.00000 
2.530 1.46287 0.00000 
2.540 1.46287 0.00000 
2.550 1.46322 0.00000 
2.560 1.46322 0.00000 
2.570 1.46322 0.00000 
2.580 1.46356 0.00000 
2.590 1.46356 0.00000 
2.600 1.46390 0.00000 
2.610 1.46390 0.00000 
2.620 1.46390 0.00000 
2.630 1.46424 0.00000 
2.640 1.46424 0.00000 
2.650 1.46424 0.00000 
2.660 1.46458 0.00000 
2.670 1.46458 0.00000 
2.680 1.46458 0.00000 
2.690 1.46492 0.00000 
2.700 1.46492 0.00000 
2.710 1.46492 0.00000 
2.720 1.46526 0.00000 
2.730 1.46526 0.00000 
2.740 1.46526 0.00000 
2.750 1.46561 0.00000 
2.760 1.46561 0.00000 
2.770 1.46595 0.00000 
2.780 1.46595 0.00000 
2.790 1.46595 0.00000 
2.800 1.46629 0.00000 
2.810 1.46629 0.00000 
2.820 1.46629 0.00000 
2.830 1.46663 0.00000 
2.840 1.46663 0.00000 
2.850 1.46663 0.00000 
2.860 1.46697 0.00000 
2.870 1.46697 0.00000 
2.880 1.46731 0.00000 
2.890 1.46731 0.00000 
2.900 1.46731 0.00000 
2.910 1.46765 0.00000 
2.920 1.46765 0.00000 
2.930 1.46799 0.00000 
2.940 1.46799 0.00000 
2.950 1.46799 0.00000 
2.960 1.46833 0.00000 
2.970 1.46833 0.00000 
2.980 1.46867 0.00000 
2.990 1.46867 0.00000 
3.000 1.46867 0.00000 
3.010 1.46901 0.00000 
3.020 1.46901 0.00000 
3.030 1.46935 0.00000 
3.040 1.46935 0.00000 
3.050 1.46935 0.00000 
3.060 1.46969 0.00000 
3.070 1.46969 0.00000 
3.080 1.47003 0.00000 
3.090 1.47003 0.00000 
3.100 1.47003 0.00000 
3.110 1.47037 0.00000 
3.120 1.47037 0.00000 
3.130 1.47071 0.00000 
3.140 1.47071 0.00000 
3.150 1.47105 0.00000 
3.160 1.47105 0.00000 
3.170 1.47105 0.00000 
3.180 1.47139 0.00000 
3.190 1.47139 0.00000 
3.200 1.47173 0.00000 
3.210 1.47173 0.00000 
3.220 1.47207 0.00000 
3.230 1.47207 0.00000 
3.240 1.47207 0.00000 
3.250 1.47241 0.00000 
3.260 1.47241 0.00000 
3.270 1.47275 0.00000 
3.280 1.47275 0.00000 
3.290 1.47309 0.00000 
3.300 1.47309 0.00000 
3.310 1.47343 0.00000 
3.320 1.47343 0.00000 
3.330 1.47343 0.00000 
3.340 1.47377 0.00000 
3.350 1.47377 0.00000 
3.360 1.47411 0.00000 
3.370 1.47411 0.00000 
3.380 1.47445 0.00000 
3.390 1.47445 0.00000 
3.400 1.47445 0.00000 
3.410 1.47479 0.00000 
3.420 1.47479 0.00000 
3.430 1.47513 0.00000 
3.440 1.47513 0.00000 
3.450 1.47547 0.00000 
3.460 1.47547 0.00000 
3.470 1.47580 0.00000 
3.480 1.47580 0.00000 
3.490 1.47614 0.00000 
3.500 1.47614 0.00000 
3.510 1.47648 0.00000 
3.520 1.47648 0.00000 
3.530 1.47682 0.00000 
3.540 1.47682 0.00000 
3.550 1.47716 0.00000 
3.560 1.47716 0.00000 
3.570 1.47750 0.00000 
3.580 1.47750 0.00000 
3.590 1.47784 0.00000 
3.600 1.47784 0.00000 
3.610 1.47817 0.00000 
3.620 1.47817 0.00000 
3.630 1.47851 0.00000 
3.640 1.47851 0.00000 
3.650 1.47885 0.00000 
3.660 1.47885 0.00000 
3.670 1.47919 0.00000 
3.680 1.47919 0.00000 
3.690 1.47953 0.00000 
3.700 1.47953 0.00000 
3.710 1.47986 0.00000 
3.720 1.47986 0.00000 
3.730 1.48020 0.00000 
3.740 1.48020 0.00000 
3.750 1.48054 0.00000 
3.760 1.48054 0.00000 
3.770 1.48088 0.00000 
3.780 1.48122 0.00000 
3.790 1.48122 0.00000 
3.800 1.48155 0.00000 
3.810 1.48155 0.00000 
3.820 1.48189 0.00000 
3.830 1.48189 0.00000 
3.840 1.48223 0.00000 
3.850 1.48223 0.00000 
3.860 1.48257 0.00000 
3.870 1.48290 0.00000 
3.880 1.48290 0.00000 
3.890 1.48324 0.00000 
3.900 1.48324 0.00000 
3.910 1.48358 0.00000 
3.920 1.48358 0.00000 
3.930 1.48391 0.00000 
3.940 1.48425 0.00000 
3.950 1.48425 0.00000 
3.960 1.48459 0.00000 
3.970 1.48459 0.00000 
3.980 1.48492 0.00000 
3.990 1.48492 0.00000 
4.000 1.48526 0.00000 
4.010 1.48560 0.00000 
4.020 1.48560 0.00000 
4.030 1.48593 0.00000 
4.040 1.48593 0.00000 
4.050 1.48627 0.00000 
4.060 1.48627 0.00000 
4.070 1.48661 0.00000 
4.080 1.48694 0.00000 
4.090 1.48694 0.00000 
4.100 1.48728 0.00000 
4.110 1.48728 0.00000 
4.120 1.48762 0.00000 
4.130 1.48762 0.00000 
4.140 1.48795 0.00000 
4.150 1.48829 0.00000 
4.160 1.48829 0.00000 
4.170 1.48862 0.00000 
4.180 1.48896 0.00000 
4.190 1.48896 0.00000 
4.200 1.48930 0.00000 
4.210 1.48930 0.00000 
4.220 1.48963 0.00000 
4.230 1.48997 0.00000 
4.240 1.48997 0.00000 
4.250 1.49030 0.00000 
4.260 1.49064 0.00000 
4.270 1.49064 0.00000 
4.280 1.49097 0.00000 
4.290 1.49131 0.00000 
4.300 1.49131 0.00000 
4.310 1.49164 0.00000 
4.320 1.49198 0.00000 
4.330 1.49198 0.00000 
4.340 1.49231 0.00000 
4.350 1.49231 0.00000 
4.360 1.49265 0.00000 
4.370 1.49298 0.00000 
4.380 1.49298 0.00000 
4.390 1.49332 0.00000 
4.400 1.49365 0.00000 
4.410 1.49365 0.00000 
4.420 1.49399 0.00000 
4.430 1.49432 0.00000 
4.440 1.49432 0.00000 
4.450 1.49466 0.00000 
4.460 1.49499 0.00000 
4.470 1.49533 0.00000 
4.480 1.49533 0.00000 
4.490 1.49566 0.00000 
4.500 1.49599 0.00000 
4.510 1.49599 0.00000 
4.520 1.49633 0.00000 
4.530 1.49666 0.00000 
4.540 1.49666 0.00000 
4.550 1.49700 0.00000 
4.560 1.49733 0.00000 
4.570 1.49766 0.00000 
4.580 1.49766 0.00000 
4.590 1.49800 0.00000 
4.600 1.49833 0.00000 
4.610 1.49833 0.00000 
4.620 1.49867 0.00000 
4.630 1.49900 0.00000 
4.640 1.49933 0.00000 
4.650 1.49933 0.00000 
4.660 1.49967 0.00000 
4.670 1.50000 0.00000 
4.680 1.50033 0.00000 
4.690 1.50033 0.00000 
4.700 1.50067 0.00000 
4.710 1.50100 0.00000 
4.720 1.50133 0.00000 
4.730 1.50167 0.00000 
4.740 1.50167 0.00000 
4.750 1.50200 0.00000 
4.760 1.50233 0.00000 
4.770 1.50266 0.00000 
4.780 1.50300 0.00000 
4.790 1.50300 0.00000 
4.800 1.50333 0.00000 
4.810 1.50366 0.00000 
4.820 1.50399 0.00000 
4.830 1.50399 0.00000 
4.840 1.50433 0.00000 
4.850 1.50466 0.00000 
4.860 1.50499 0.00000 
4.870 1.50532 0.00000 
4.880 1.50532 0.00000 
4.890 1.50566 0.00000 
4.900 1.50599 0.00000 
4.910 1.50632 0.00000 
4.920 1.50665 0.00000 
4.930 1.50665 0.00000 
4.940 1.50698 0.00000 
4.950 1.50732 0.00000 
4.960 1.50765 0.00000 
4.970 1.50798 0.00000 
4.980 1.50798 0.00000 
4.990 1.50831 0.00000 
5.000 1.50864 0.00000 
5.010 1.50897 0.00000 
5.020 1.50930 0.00000 
5.030 1.50964 0.00000 
5.040 1.50964 0.00000 
5.050 1.50997 0.00000 
5.060 1.51030 0.00000 
5.070 1.51063 0.00000 
5.080 1.51096 0.00000 
5.090 1.51129 0.00000 
5.100 1.51162 0.00000 
5.110 1.51195 0.00000 
5.120 1.51195 0.00000 
5.130 1.51228 0.00000 
5.140 1.51261 0.00000 
5.150 1.51294 0.00000 
5.160 1.51327 0.00000 
5.170 1.51360 0.00000 
5.180 1.51394 0.00000 
5.190 1.51427 0.00000 
5.200 1.51427 0.00000 
5.210 1.51460 0.00000 
5.220 1.51493 0.00000 
5.230 1.51526 0.00000 
5.240 1.51559 0.00000 
5.250 1.51592 0.00000 
5.260 1.51625 0.00000 
5.270 1.51658 0.00000 
5.280 1.51690 0.00000 
5.290 1.51723 0.00000 
5.300 1.51756 0.00000 
5.310 1.51789 0.00000 
5.320 1.51822 0.00000 
5.330 1.51855 0.00000 
5.340 1.51888 0.00000 
5.350 1.51888 0.00000 
5.360 1.51921 0.00000 
5.370 1.51954 0.00000 
5.380 1.51987 0.00000 
5.390 1.52020 0.00000 
5.400 1.52053 0.00000 
5.410 1.52086 0.00000 
5.420 1.52118 0.00000 
5.430 1.52151 0.00000 
5.440 1.52184 0.00000 
5.450 1.52217 0.00000 
5.460 1.52250 0.00000 
5.470 1.52283 0.00000 
5.480 1.52315 0.00000 
5.490 1.52348 0.00000 
5.500 1.52381 0.00000 
5.510 1.52414 0.00000 
5.520 1.52480 0.00000 
5.530 1.52512 0.00000 
5.540 1.52545 0.00000 
5.550 1.52578 0.00000 
5.560 1.52611 0.00000 
5.570 1.52643 0.00000 
5.580 1.52676 0.00000 
5.590 1.52709 0.00000 
5.600 1.52742 0.00000 
5.610 1.52774 0.00000 
5.620 1.52807 0.00000 
5.630 1.52840 0.00000 
5.640 1.52872 0.00000 
5.650 1.52905 0.00000 
5.660 1.52938 0.00000 
5.670 1.53003 0.00000 
5.680 1.53036 0.00000 
5.690 1.53069 0.00000 
5.700 1.53101 0.00000 
5.710 1.53134 0.00000 
5.720 1.53167 0.00000 
5.730 1.53199 0.00000 
5.740 1.53232 0.00000 
5.750 1.53264 0.00000 
5.760 1.53297 0.00000 
5.770 1.53330 0.00000 
5.780 1.53362 0.00000 
5.790 1.53395 0.00000 
5.800 1.53460 0.00000 
5.810 1.53493 0.00000 
5.820 1.53525 0.00000 
5.830 1.53590 0.00000 
5.840 1.53623 0.00000 
5.850 1.53655 0.00000 
5.860 1.53721 0.00000 
5.870 1.53753 0.00000 
5.880 1.53786 0.00000 
5.890 1.53851 0.00000 
5.900 1.53883 0.00000 
5.910 1.53916 0.00000 
5.920 1.53981 0.00000 
5.930 1.54013 0.00000 
5.940 1.54045 0.00000 
5.950 1.54078 0.00000 
5.960 1.54143 0.00000 
5.970 1.54175 0.00000 
5.980 1.54208 0.00000 
5.990 1.54272 0.00000 
6.000 1.54305 0.00000 
6.010 1.54337 0.00000 
6.020 1.54402 0.00000 
6.030 1.54434 0.00000 
6.040 1.54499 0.00000 
6.050 1.54532 0.00000 
6.060 1.54564 0.00000 
6.070 1.54629 0.00000 
6.080 1.54661 0.00000 
6.090 1.54693 0.00000 
6.100 1.54758 0.00000 
6.110 1.54790 0.00000 
6.120 1.54822 0.00000 
6.130 1.54887 0.00000 
6.140 1.54919 0.00000 
6.150 1.54984 0.00000 
6.160 1.55016 0.00000 
6.170 1.55048 0.00000 
6.180 1.55113 0.00000 
6.190 1.55145 0.00000 
6.200 1.55177 0.00000 
6.210 1.55242 0.00000 
6.220 1.55274 0.00000 
6.230 1.55306 0.00000 
6.240 1.55371 0.00000 
6.250 1.55403 0.00000 
6.260 1.55467 0.00000 
6.270 1.55499 0.00000 
6.280 1.55563 0.00000 
6.290 1.55628 0.00000 
6.300 1.55660 0.00000 
6.310 1.55724 0.00000 
6.320 1.55788 0.00000 
6.330 1.55820 0.00000 
6.340 1.55885 0.00000 
6.350 1.55917 0.00000 
6.360 1.55981 0.00000 
6.370 1.56045 0.00000 
6.380 1.56077 0.00000 
6.390 1.56141 0.00000 
6.400 1.56205 0.00000 
6.410 1.56237 0.00000 
6.420 1.56301 0.00000 
6.430 1.56333 0.00000 
6.440 1.56397 0.00000 
6.450 1.56461 0.00000 
6.460 1.56493 0.00000 
6.470 1.56557 0.00000 
6.480 1.56621 0.00000 
6.490 1.56652 0.00000 
6.500 1.56716 0.00000 
6.510 1.56780 0.00000 
6.520 1.56844 0.00000 
6.530 1.56876 0.00000 
6.540 1.56939 0.00000 
6.550 1.57003 0.00000 
6.560 1.57067 0.00000 
6.570 1.57131 0.00000 
6.580 1.57194 0.00000 
6.590 1.57258 0.00000 
6.600 1.57321 0.00000 
6.610 1.57385 0.00000 
6.620 1.57417 0.00000 
6.630 1.57480 0.00000 
6.640 1.57544 0.00000 
6.650 1.57607 0.00000 
6.660 1.57671 0.00000 
6.670 1.57734 0.00000 
6.680 1.57797 0.00000 
6.690 1.57861 0.00000 
6.700 1.57924 0.00000 
6.710 1.57987 0.00000 
6.720 1.58019 0.00000 
6.730 1.58082 0.00000 
6.740 1.58145 0.00000 
6.750 1.58209 0.00000 
6.760 1.58272 0.00000 
6.770 1.58367 0.00000 
6.780 1.58430 0.00000 
6.790 1.58493 0.00000 
6.800 1.58588 0.00000 
6.810 1.58651 0.00000 
6.820 1.58714 0.00000 
6.830 1.58777 0.00000 
6.840 1.58871 0.00000 
6.850 1.58934 0.00000 
6.860 1.58997 0.00000 
6.870 1.59091 0.00000 
6.880 1.59154 0.00000 
6.890 1.59217 0.00000 
6.900 1.59280 0.00000 
6.910 1.59374 0.00000 
6.920 1.59437 0.00000 
6.930 1.59499 0.00000 
6.940 1.59593 0.00000 
6.950 1.59656 0.00000 
6.960 1.59719 0.00000 
6.970 1.59812 0.00000 
6.980 1.59875 0.00000 
6.990 1.59937 0.00000 
7.000 1.60031 0.00000
7.2 1.616 0.0
7.4 1.633 0.0
7.6 1.653 0.0
7.8 1.676 0.0
8.0 1.702 0.00003
8.2 1.730 0.00046
8.3 1.747 0.00140
8.4 1.764 0.00317
8.5 1.783 0.00557
8.6 1.803 0.00838
8.7 1.825 0.0109
8.8 1.850 0.0132
8.9 1.876 0.0156
9.0 1.904 0.0189
